3
-0.021362200000000001 -0.131268 -0.078971700000000006 
0.57031100000000001 1.03975 0.069837899999999994 
-0.59623999999999999 0.73007699999999998 -0.029318199999999999 
-0.0089543799999999996 0.218301 0.63610999999999995 
0.114803 0.593449 -0.39222400000000002 
-0.0144697 0.80550600000000006 0.315886 
0.58006100000000005 0.43100300000000002 0.16237599999999999 
-0.37331500000000001 0.23632400000000001 0.14677100000000001 
-0.0070497099999999998 0.84571499999999999 -0.134822 
-0.33939000000000002 0.36346899999999999 -0.285939 
-0.32606499999999999 -0.94418800000000003 -0.170821 
0.33737 -0.44243399999999999 0.24762600000000001 
0.078458700000000006 -0.28936600000000001 0.38403700000000002 
0.54819600000000002 0.67496699999999998 -0.14890700000000001 
-0.53283100000000005 -0.22023799999999999 -0.48246099999999997 
0.37611299999999998 0.73635399999999995 0.26802999999999999 
-0.39596799999999999 -0.48995 0.17257 
0.29352899999999998 -0.942716 -0.150474 
-0.020707300000000001 -0.75457200000000002 -0.42335400000000001 
-0.54132599999999997 -0.56079699999999999 -0.232513 
-0.0463154 -0.13380700000000001 0.14882100000000001 
0.086610900000000005 -0.83023599999999997 0.29674600000000001 
0.21803600000000001 -0.18657399999999999 -0.063687499999999994 
-0.38184600000000002 -0.23527899999999999 -0.17918500000000001 
-0.132466 0.059837799999999997 -0.28125 
0.38508100000000001 -0.0055420399999999998 0.41516799999999998 
-0.34611900000000001 0.59206099999999995 0.15538299999999999 
0.410165 0.92432599999999998 -0.079253100000000007 
-0.100845 -0.32450899999999999 -0.37850600000000001 
-0.41080100000000003 0.69843299999999997 -0.16867499999999999 
0.49610599999999999 0.896173 0.098438200000000003 
0.215422 0.86688200000000004 0.17161499999999999 
0.069221000000000005 -0.93298700000000001 -0.0026533899999999998 
0.140956 -0.71299000000000001 -0.16756799999999999 
-0.35987999999999998 -0.57616599999999996 -0.45602999999999999 
0.075002700000000005 -0.939253 -0.28855500000000001 
-0.55354899999999996 0.43687199999999998 -0.112854 
0.66286 0.89536099999999996 0.043937400000000001 
0.58340700000000001 0.99860099999999996 -0.011417399999999999 
-0.48456700000000003 0.176621 -0.29310700000000001 
-0.40819699999999998 0.112356 -0.22284599999999999 
-0.399092 -0.26761499999999999 -0.45172899999999999 
-0.33987899999999999 0.0049983500000000004 -0.36596600000000001 
-0.476107 0.00065574100000000005 -0.37053700000000001 
-0.43180200000000002 -0.24046400000000001 -0.31551899999999999 
-0.53581199999999995 -0.094930799999999996 -0.42796600000000001 
-0.329318 0.196135 -0.31514300000000001 
-0.37310500000000002 -0.098433699999999999 -0.38761299999999999 
-0.21832599999999999 -0.60148100000000004 0.197268 
0.21210999999999999 -0.67633299999999996 0.21773999999999999 
-0.051242299999999998 -0.27837099999999998 0.0448408 
0.28468199999999999 -0.12887799999999999 0.301927 
0.26373200000000002 0.347159 0.51577399999999995 
-0.49082900000000002 0.60414599999999996 0.0112497 
-0.479406 0.75004199999999999 -0.067208000000000004 
-0.58002500000000001 0.645038 -0.106542 
-0.33396799999999999 -0.90270300000000003 0.21918899999999999 
-0.40915600000000002 -0.75250399999999995 0.121686 
0.28245999999999999 0.13253999999999999 -0.39402500000000001 
-0.53109700000000004 -0.33430500000000002 -0.15102099999999999 
-0.36954900000000002 -0.042049400000000001 -0.25786900000000001 
-0.136212 -0.91984600000000005 0.091428700000000002 
-0.17169499999999999 0.30451299999999998 0.40178000000000003 
0.16705100000000001 -0.031159599999999999 0.53356899999999996 
0.59071099999999999 0.90362100000000001 0.071735099999999996 
-0.21834899999999999 -0.018915899999999999 0.281223 
-0.14641299999999999 0.57806599999999997 0.49586200000000002 
-0.196547 0.328322 -0.41234599999999999 
0.31128 -0.388901 -0.041803 
0.024679599999999999 -0.20607300000000001 0.30232500000000001 
-0.190081 -0.80052299999999998 0.24823000000000001 
-0.034333299999999997 -0.90202400000000005 0.37118299999999999 
-0.55016399999999999 0.44103900000000001 0.059681900000000003 
-0.55752100000000004 -0.19106400000000001 -0.40508699999999997 
0.20266600000000001 -0.94565200000000005 -0.0896705 
0.16169700000000001 -0.81360900000000003 -0.16703100000000001 
0.27570600000000001 -0.87891799999999998 0.060496099999999997 
0.27831600000000001 -0.68374199999999996 0.0355819 
0.059647600000000002 -0.143708 -0.058207500000000002 
0.32208999999999999 -0.148699 0.054465300000000001 
0.57602299999999995 0.120148 -0.018805200000000001 
-0.052603999999999998 0.59853199999999995 0.46489599999999998 
0.21849199999999999 0.67804799999999998 0.48331600000000002 
0.56008899999999995 0.39400299999999999 -0.11085 
-0.385681 0.10241 -0.30988100000000002 
-0.47034999999999999 0.33186300000000002 -0.15412000000000001 
0.11200499999999999 -0.12367 0.37598700000000002 
-0.061317000000000003 -0.66636399999999996 0.27051500000000001 
0.20248099999999999 0.069724800000000003 0.54455299999999995 
0.33733099999999999 0.260382 0.56196400000000002 
0.428033 0.246306 0.46238499999999999 
0.54947500000000005 0.50405900000000003 0.31424200000000002 
-0.031369500000000002 -0.94905399999999995 -0.26184299999999999 
-0.22483400000000001 -0.93416399999999999 0.185809 
-0.22500800000000001 0.74475199999999997 -0.045763600000000001 
-0.213195 0.58220799999999995 0.38773999999999997 
-0.028413500000000001 0.35337499999999999 0.54550699999999996 
-0.36046099999999998 0.45061099999999998 0.29292600000000002 
-0.40586299999999997 0.47156199999999998 0.097201899999999994 
0.031565799999999998 0.32748899999999997 0.64127000000000001 
0.52602499999999996 0.596028 0.16166 
0.67691999999999997 0.71799400000000002 0.051706200000000001 
0.66868300000000003 0.79233799999999999 -0.030450000000000001 
-0.109343 -0.50085100000000005 -0.51502400000000004 
-0.214752 -0.94049499999999997 -0.36105900000000002 
-0.40272200000000002 0.228877 -0.35469800000000001 
-0.13178500000000001 -0.0306086 0.42796000000000001 
0.31752999999999998 0.90724700000000003 0.0022893000000000002 
0.122693 -0.64714000000000005 -0.28935499999999997 
-0.37293700000000002 -0.35639500000000002 -0.518648 
-0.0554464 -0.472271 0.34475299999999998 
0.00289866 -0.40951300000000002 0.34177400000000002 
-0.14416200000000001 -0.41986499999999999 0.19678499999999999 
0.27925499999999998 -0.030003700000000001 -0.27046700000000001 
0.39995999999999998 0.095470200000000005 -0.249945 
0.55774100000000004 0.15862000000000001 0.075541499999999998 
0.59563699999999997 0.21396000000000001 0.214172 
0.121776 -0.56569400000000003 -0.20377300000000001 
0.063337299999999999 -0.75667200000000001 -0.31186399999999997 
0.0039933499999999997 -0.30232799999999999 -0.19328500000000001 
-0.49357400000000001 0.43702000000000002 -0.216118 
-0.47294399999999998 0.242063 -0.0625782 
-0.35842400000000002 0.22911400000000001 0.25986199999999998 
0.36408600000000002 -0.53194900000000001 0.204929 
0.33804000000000001 -0.25605699999999998 0.25260300000000002 
0.0178193 0.043942200000000001 0.55004699999999995 
-0.12961 0.41317100000000001 -0.40747699999999998 
0.62257099999999999 0.58383300000000005 0.095976500000000006 
0.482489 0.32952900000000002 -0.29778100000000002 
0.085332900000000003 0.79255200000000003 0.31883800000000001 
-0.16170100000000001 0.62270099999999995 -0.33259899999999998 
-0.50390599999999997 -0.70521599999999995 0.060465699999999997 
-0.50827599999999995 -0.067996100000000004 -0.28324899999999997 
-0.30930000000000002 0.047348700000000001 -0.21621099999999999 
-0.27201399999999998 0.0069901700000000004 0.099493300000000007 
-0.35964299999999999 -0.66973899999999997 0.19668099999999999 
0.25049300000000002 -0.40607700000000002 0.38492900000000002 
0.134656 -0.96906300000000001 0.0847522 
-0.015497500000000001 -0.94499 0.20572199999999999 
0.30627900000000002 0.465555 0.43982300000000002 
-0.34729300000000002 0.58684700000000001 0.057854000000000003 
-0.38728400000000002 0.69395600000000002 0.049792000000000003 
-0.41856500000000002 0.30105900000000002 -0.25928000000000001 
-0.102295 -0.96570400000000001 0.17861199999999999 
-0.18993299999999999 -0.96279800000000004 -0.020377699999999999 
-0.24567 0.59678600000000004 -0.269868 
0.093503199999999995 -0.91555699999999995 0.28889199999999998 
-0.118871 -0.93869800000000003 0.29613299999999998 
0.21134800000000001 0.47741400000000001 0.52007300000000001 
0.55120100000000005 0.42841499999999999 0.29550199999999999 
0.45720499999999997 0.106048 0.37611299999999998 
0.52890099999999995 0.22802700000000001 0.40543699999999999 
0.46628900000000001 -0.0108792 0.11518 
0.48153499999999999 0.054321000000000001 -0.066657499999999995 
0.43855300000000003 -0.025325799999999999 -0.074705800000000003 
0.025112599999999999 0.71492999999999995 0.44051200000000001 
-0.244398 -0.29869299999999999 -0.42725099999999999 
-0.51808900000000002 -0.481408 0.023473500000000001 
-0.242177 -0.83937399999999995 -0.402889 
-0.26006800000000002 -0.71674300000000002 -0.49757299999999999 
-0.408725 -0.87073500000000004 -0.28555999999999998 
-0.19492999999999999 -0.593584 -0.51107999999999998 
-0.15389700000000001 -0.94325000000000003 -0.273841 
-0.0206964 -0.30806499999999998 -0.065912799999999994 
0.312278 0.77624800000000005 -0.18181900000000001 
0.50993200000000005 0.88841999999999999 -0.15012600000000001 
0.28533399999999998 0.70942400000000005 -0.29131400000000002 
0.072286699999999995 0.45515800000000001 -0.46703800000000001 
0.31895800000000002 0.332094 -0.40168199999999998 
-0.28604400000000002 0.21261099999999999 0.31208200000000003 
-0.37334200000000001 0.33832499999999999 0.210622 
-0.46201700000000001 -0.80086400000000002 -0.18889400000000001 
0.127665 -0.816527 -0.27195399999999997 
0.208172 -0.64788699999999999 -0.114521 
0.101089 -0.30220900000000001 -0.086627700000000002 
0.30280099999999999 0.10380200000000001 0.573855 
0.304095 -0.00662468 0.46600200000000003 
0.14401700000000001 0.30489899999999998 0.62894600000000001 
0.22700500000000001 0.061299800000000002 -0.34167799999999998 
0.053604100000000002 0.046783600000000002 -0.35320099999999999 
0.0089668500000000002 -0.95841900000000002 0.097866499999999995 
-0.54313 -0.434417 -0.241567 
0.031202400000000002 -0.368919 -0.23880100000000001 
-0.040041300000000002 0.75193100000000002 -0.24069399999999999 
-0.074324899999999999 -0.291352 -0.20849300000000001 
-0.12872900000000001 -0.26156699999999999 -0.121535 
-0.0257177 -0.31259500000000001 0.306454 
-0.041892400000000003 -0.30629899999999999 0.188583 
-0.077592599999999998 0.11525100000000001 0.57375100000000001 
-0.58044799999999996 -0.36197299999999999 -0.30085299999999998 
-0.49458099999999999 -0.28115000000000001 -0.233265 
-0.52611200000000002 -0.404335 -0.43288199999999999 
0.037356 -0.68138200000000004 0.33068999999999998 
-0.35594700000000001 0.73137799999999997 -0.047738299999999997 
-0.0450715 0.27868399999999999 -0.43365700000000001 
-0.21023 -0.0102408 0.19239999999999999 
0.63376900000000003 0.59672899999999995 0.0075990199999999997 
0.55337800000000004 0.82767900000000005 0.070769899999999997 
0.33719399999999999 0.87421400000000005 0.11404300000000001 
-0.34289700000000001 0.51339699999999999 0.21255099999999999 
-0.273592 0.71139399999999997 0.127105 
-0.18395500000000001 0.73865700000000001 0.30662699999999998 
0.140067 0.77631099999999997 -0.27082000000000001 
-0.39805299999999999 0.185778 -0.137436 
-0.35892800000000002 0.10603899999999999 -0.078526600000000002 
-0.25020900000000001 0.050582299999999997 -0.076798500000000006 
-0.31353599999999998 0.149839 0.23691999999999999 
0.36870700000000001 0.165378 0.52858799999999995 
-0.48478900000000003 -0.82474199999999998 -0.093221600000000002 
-0.43282900000000002 -0.83989999999999998 -0.0025973599999999999 
-0.51314300000000002 -0.71578200000000003 -0.113084 
-0.56883899999999998 -0.60735399999999995 -0.15284500000000001 
-0.51909300000000003 -0.63239999999999996 -0.29019899999999998 
0.29464800000000002 -0.76593500000000003 0.059574000000000002 
0.18937499999999999 -0.80233900000000002 0.16936699999999999 
-0.20350299999999999 0.016552600000000001 -0.19544900000000001 
0.43429299999999998 0.14746999999999999 0.47268300000000002 
0.53906399999999999 0.085841500000000001 0.238403 
0.53956099999999996 0.180704 0.32123000000000002 
-0.14229900000000001 -0.41106999999999999 -0.47525299999999998 
-0.0611294 -0.62216700000000003 -0.47856700000000002 
-0.00044346199999999999 -0.65579100000000001 -0.46490999999999999 
-0.42614200000000002 -0.167772 -0.47350599999999998 
0.23703099999999999 0.826322 0.291572 
0.67757500000000004 0.81740100000000004 0.067941299999999996 
-0.42220099999999999 -0.61491600000000002 0.15201600000000001 
-0.36063200000000001 -0.80472600000000005 -0.36324000000000001 
-0.41444300000000001 -0.869811 -0.146037 
-0.41190700000000002 -0.90738700000000005 -0.0491165 
-0.21421499999999999 -0.90490000000000004 0.28906399999999999 
-0.26261600000000002 -0.49965199999999999 0.17177100000000001 
0.20796799999999999 -0.102878 0.36535699999999999 
0.33705099999999999 -0.120529 0.20599300000000001 
0.309809 -0.109487 -0.067764599999999994 
-0.606352 0.50716700000000003 -0.015658200000000001 
0.075285599999999994 -0.58318800000000004 -0.37088399999999999 
0.064232499999999998 -0.445104 -0.32211899999999999 
-0.41536099999999998 -0.31542199999999998 -0.0088057199999999995 
-0.54559999999999997 -0.53927000000000003 -0.062007800000000002 
0.47343099999999999 0.68903599999999998 0.18066299999999999 
0.39647500000000002 0.65915000000000001 0.386903 
0.477771 0.56686099999999995 0.345275 
-0.50262399999999996 0.51542200000000005 0.021706699999999999 
-0.13175100000000001 0.77113299999999996 0.27571000000000001 
-0.070138099999999995 0.83264899999999997 0.205536 
-0.27882000000000001 -0.94130800000000003 -0.26247700000000002 
0.0354878 0.59717600000000004 -0.41610599999999998 
0.32066800000000001 0.433253 -0.40899099999999999 
0.43290800000000002 0.49226399999999998 -0.29455399999999998 
-0.27634300000000001 0.076686000000000004 0.306952 
-0.12928200000000001 -0.089765200000000003 0.273698 
-0.025551899999999999 -0.035025300000000002 -0.21285799999999999 
-0.038171900000000002 -0.37413000000000002 -0.35405500000000001 
0.38961099999999999 0.82993099999999997 -0.16725200000000001 
0.142039 0.38547900000000002 0.57019500000000001 
0.42381600000000003 0.42785499999999999 0.425037 
0.49437300000000001 0.323382 0.40115800000000001 
-0.21451899999999999 0.059155399999999997 0.38694400000000001 
0.45727699999999999 0.051553599999999998 -0.16154399999999999 
0.53115000000000001 0.24871499999999999 -0.184501 
0.37593900000000002 -0.0292304 -0.15735499999999999 
-0.42276599999999998 0.32754299999999997 0.098792900000000003 
-0.32121100000000002 0.080509399999999995 0.022303099999999999 
-0.0046478500000000002 0.43557400000000002 0.543103 
-0.26821499999999998 0.30571799999999999 -0.34272799999999998 
-0.25161 0.127808 -0.29093999999999998 
0.176619 0.34792400000000001 -0.47739900000000002 
0.20477500000000001 0.42903400000000003 -0.43740699999999999 
0.14202999999999999 0.50917100000000004 -0.45082299999999997 
0.095638000000000001 0.269453 -0.46082600000000001 
0.10820100000000001 -0.37506200000000001 0.41747600000000001 
0.119491 -0.61601600000000001 0.33036599999999999 
-0.028615600000000001 -0.116538 0.293269 
0.379353 0.71457199999999998 -0.22132299999999999 
0.38932299999999997 0.96804299999999999 0.0624573 
0.44807999999999998 0.99904000000000004 -0.0059334499999999998 
0.00275706 0.35130899999999998 -0.46824199999999999 
-0.078754199999999996 0.098367300000000005 -0.35309000000000001 
-0.305921 0.47972700000000001 0.33235900000000002 
-0.29732999999999998 0.58655599999999997 0.305981 
-0.25950000000000001 0.39942 0.392785 
0.30650100000000002 -0.60375400000000001 0.10580199999999999 
0.069770100000000002 -0.96250999999999998 -0.16370899999999999 
0.323347 -0.94079800000000002 -0.050884199999999997 
0.32540999999999998 -0.82393000000000005 -0.012230599999999999 
-0.22656399999999999 -0.950299 0.061945300000000002 
-0.316529 -0.95262199999999997 -0.027424199999999999 
-0.34123799999999999 0.32897500000000002 0.301701 
-0.076492699999999997 -0.65902899999999998 -0.492867 
-0.118469 -0.73744699999999996 -0.466061 
-0.12498099999999999 -0.83887299999999998 -0.43121700000000002 
0.50583 0.46700000000000003 0.36199500000000001 
0.60428300000000001 0.33532800000000001 0.047415600000000002 
0.57746200000000003 0.31651800000000002 -0.049595800000000002 
0.58389000000000002 0.480381 -0.0217872 
-0.29163 0.66145100000000001 0.22512799999999999 
-0.0539047 0.60179899999999997 -0.38887300000000002 
-0.099656099999999997 0.70431699999999997 -0.30302400000000002 
-0.19925000000000001 0.67130299999999998 -0.22919200000000001 
-0.105729 0.51705900000000005 -0.40698400000000001 
-0.50528200000000001 -0.167932 -0.30646299999999999 
-0.62102599999999997 0.611846 -0.018464100000000001 
-0.110538 -0.075424099999999994 0.084894800000000006 
-0.18923699999999999 -0.049059800000000001 0.032949600000000002 
-0.25056699999999998 -0.364006 0.112041 
-0.225466 -0.27845399999999998 -0.031020499999999999 
0.56676400000000005 0.32451400000000002 -0.13875599999999999 
0.49512800000000001 0.39401599999999998 -0.24690699999999999 
-0.455403 -0.56315099999999996 -0.411306 
0.069215600000000002 0.87244600000000005 -0.052632999999999999 
0.211668 0.83089199999999996 -0.166688 
-0.021863199999999999 -0.79420000000000002 0.33143 
0.22766700000000001 -0.550597 0.34084599999999998 
-0.290238 -0.83711400000000002 0.25273600000000002 
0.16734399999999999 0.89280099999999996 0.0453859 
0.202212 0.87059799999999998 -0.027874699999999999 
-0.46032600000000001 -0.44327899999999998 0.089832599999999999 
0.42684499999999997 0.24024899999999999 -0.311996 
0.0143895 0.14194200000000001 -0.39348499999999997 
-0.39487100000000003 0.47141300000000003 -0.27305499999999999 
-0.46197300000000002 0.57452400000000003 -0.22341 
0.31506499999999998 0.069092600000000004 -0.30395100000000003 
0.35845300000000002 0.155057 -0.35749700000000001 
0.14299100000000001 -0.069866800000000007 -0.20541000000000001 
0.38370599999999999 -0.38996599999999998 0.104601 
0.129523 -0.388627 -0.16170000000000001 
0.025349300000000002 -0.24037800000000001 -0.0046316200000000004 
-0.116967 -0.28605199999999997 -0.0142016 
-0.53424499999999997 -0.57770200000000005 0.052783999999999998 
-0.097944299999999998 0.47126899999999999 0.49899500000000002 
-0.11673600000000001 0.347024 0.47010800000000003 
0.074482400000000004 0.63552600000000004 0.499753 
0.082812499999999997 0.46290999999999999 0.54703199999999996 
-0.14993899999999999 -0.049112799999999998 0.36210199999999998 
-0.16866100000000001 0.17991299999999999 -0.33909899999999998 
-0.12706100000000001 0.23336999999999999 -0.41114099999999998 
-0.163299 -0.25780199999999998 -0.284495 
0.43652200000000002 -0.048410500000000002 0.039712499999999998 
-0.114705 -0.032668599999999999 -0.15612500000000001 
-0.16320299999999999 -0.051749499999999997 -0.075437199999999996 
-0.371757 -0.67879199999999995 -0.43902200000000002 
-0.44812800000000003 -0.682786 -0.34887099999999999 
-0.46923399999999998 -0.77177499999999999 -0.27186199999999999 
-0.51500599999999996 -0.68182500000000001 -0.22345499999999999 
-0.50646199999999997 -0.32469199999999998 -0.50236199999999998 
0.0668826 -0.68467900000000004 -0.38411000000000001 
0.214973 -0.40987800000000002 -0.102163 
0.211811 -0.51249400000000001 -0.12224400000000001 
0.34004200000000001 -0.83829399999999998 -0.11366999999999999 
-0.33098899999999998 -0.88509499999999997 -0.34827799999999998 
-0.20554 -0.96235000000000004 -0.197129 
0.18670400000000001 -0.29247600000000001 0.40717199999999998 
0.36286600000000002 0.56870600000000004 0.441417 
0.45776499999999998 0.64975300000000002 0.28223100000000001 
-0.36627900000000002 -0.34102500000000002 0.073471999999999996 
0.34134399999999998 -0.187193 0.15735399999999999 
-0.55288300000000001 -0.30910500000000002 -0.43597399999999997 
-0.48532900000000001 -0.49480800000000003 -0.40690100000000001 
0.30404900000000001 0.82523400000000002 0.23580300000000001 
0.268455 -0.76921700000000004 -0.082117999999999997 
0.35084700000000002 0.53861099999999995 -0.349111 
0.429921 0.59939600000000004 -0.26219100000000001 
0.60057000000000005 0.75631499999999996 -0.12647800000000001 
0.53427599999999997 0.81121100000000002 -0.160165 
0.19489899999999999 0.70357599999999998 -0.33293499999999998 
-0.15229500000000001 -0.716225 0.208624 
-0.34238499999999999 -0.55361400000000005 0.17896599999999999 
-0.072104399999999999 -0.57686800000000005 0.293792 
-0.0696571 0.84028599999999998 0.112578 
-0.15715999999999999 0.80450299999999997 0.057201599999999998 
0.31440200000000001 -0.37517699999999998 0.31869399999999998 
0.46734399999999998 0.149002 -0.22880500000000001 
-0.53883999999999999 -0.42796299999999998 -0.073384199999999997 
0.61258699999999999 0.49638700000000002 0.063378699999999996 
-0.27461000000000002 -0.229353 -0.122085 
-0.0135643 -0.15253800000000001 0.026305700000000001 
0.098842100000000002 0.85427299999999995 -0.165131 
0.0572912 0.77984200000000004 -0.24242 
0.0713641 0.74059600000000003 -0.30588500000000002 
-0.24301900000000001 0.39164199999999999 -0.34406399999999998 
0.121477 0.72880900000000004 0.45857900000000001 
0.167209 0.75690999999999997 0.40022999999999997 
0.38157200000000002 -0.072773299999999999 0.109914 
0.58552999999999999 0.57313999999999998 -0.083483699999999994 
-0.30935099999999999 -0.31464399999999998 0.031054100000000001 
0.43569000000000002 -0.0071554899999999996 0.27796900000000002 
-0.47259299999999999 -0.38242999999999999 0.0063022599999999996 
-0.138576 0.75347200000000003 -0.16708799999999999 
0.24246100000000001 -0.95035499999999995 0.0199644 
0.25466 -0.331372 -0.067144300000000004 
-0.53263099999999997 0.33294099999999999 0.033795600000000002 
-0.54500499999999996 0.353906 -0.052007600000000001 
-0.53973899999999997 -0.66207800000000006 -0.0164621 
-0.012108600000000001 -0.93906999999999996 -0.099773700000000007 
0.27396700000000002 0.55381999999999998 0.47695599999999999 
-0.28368199999999999 0.50487599999999999 -0.302597 
-0.22123399999999999 0.16526399999999999 0.37868499999999999 
0.35842299999999999 -0.31448799999999999 0.19520000000000001 
0.58637399999999995 0.24304100000000001 0.0287993 
-0.039615699999999997 0.860012 0.00443817 
-0.53226200000000001 0.73075000000000001 0.033786799999999999 
-0.517065 0.69517399999999996 -0.14135900000000001 
-0.0098021500000000008 -0.505803 -0.45118399999999997 
-0.0129006 -0.20971899999999999 0.241313 
0.56758200000000003 0.50581600000000004 0.19467699999999999 
0.57068600000000003 0.29863800000000001 0.317936 
0.61812199999999995 0.86837900000000001 -0.0923514 
0.083136299999999996 0.87228000000000006 0.18009 
0.14919299999999999 0.84248000000000001 0.23593900000000001 
-0.016371299999999998 0.48376799999999998 -0.44403999999999999 
-0.19937299999999999 0.52216700000000005 -0.34117999999999998 
0.332343 -0.32520199999999999 0.0080867600000000001 
0.361489 -0.45648699999999998 0.0398752 
0.304894 -0.53883000000000003 -0.018800799999999999 
-0.401113 0.15781999999999999 0.00157901 
0.34999200000000003 -0.046172699999999997 0.34143400000000002 
0.097816700000000006 -0.46241900000000002 -0.231709 
0.55079599999999995 0.17108000000000001 -0.11910800000000001 
-0.38824799999999998 -0.85142399999999996 0.122932 
-0.39681100000000002 -0.13216800000000001 -0.30590400000000001 
-0.44167800000000002 -0.44877 -0.49139300000000002 
-0.341557 -0.452069 -0.50832699999999997 
0.129686 0.218219 0.64339999999999997 
0.29520999999999997 0.61761500000000003 -0.33998400000000001 
-0.32411099999999998 0.094878699999999996 0.134933 
-0.271341 0.043135800000000002 0.19366800000000001 
0.52783000000000002 0.072633199999999995 0.114972 
-0.022867100000000001 -0.88596799999999998 -0.35448800000000003 
-0.123516 0.24008699999999999 0.471854 
0.305338 0.84150700000000001 -0.117934 
0.0091272000000000002 -0.0212233 0.51000000000000001 
0.097453999999999999 -0.077029100000000003 0.45603500000000002 
0.077470800000000006 0.133602 0.61084400000000005 
-0.0266821 -0.070981299999999997 0.41228199999999998 
0.16633700000000001 -0.93131200000000003 -0.21282599999999999 
0.00371419 0.66339999999999999 -0.37209599999999998 
-0.34655900000000001 0.57246799999999998 -0.25350299999999998 
-0.148559 0.789933 0.19850400000000001 
0.25919399999999998 -0.68152500000000005 0.13558700000000001 
0.111128 0.116678 -0.39813799999999999 
-0.36810799999999999 -0.249246 -0.10030799999999999 
-0.25215399999999999 -0.22720499999999999 -0.19656299999999999 
0.40606799999999998 0.41522500000000001 -0.35993999999999998 
0.065946400000000002 -0.107364 -0.116281 
0.158502 -0.014824499999999999 -0.29292899999999999 
0.048757300000000003 -0.00464249 -0.30056300000000002 
-0.233732 -0.47677199999999997 -0.51276699999999997 
-0.29754000000000003 0.69537099999999996 -0.14844599999999999 
0.13176599999999999 -0.69373200000000002 0.27909099999999998 
0.14065800000000001 -0.46025100000000002 0.40400900000000001 
0.056390099999999999 -0.54618199999999995 0.37160900000000002 
-0.078803200000000004 -0.378799 0.25825199999999998 
-0.540018 0.520841 -0.16970399999999999 
0.267646 -0.081334600000000007 -0.17183000000000001 
0.59126400000000001 0.34443200000000002 0.20361699999999999 
0.55559499999999995 0.711758 0.108277 
0.49472899999999997 0.57452199999999998 -0.20327899999999999 
0.33645000000000003 0.36115000000000003 0.467283 
0.23255700000000001 0.297259 0.59337799999999996 
-0.077815200000000001 -0.82735999999999998 0.33923399999999998 
0.105195 -0.54670700000000005 -0.28153600000000001 
-0.44517499999999999 0.24357899999999999 0.045261999999999997 
0.24959300000000001 0.16755500000000001 0.60739299999999996 
0.304948 0.69841799999999998 0.43385800000000002 
-0.091783799999999999 -0.95210799999999995 -0.16736999999999999 
-0.15887399999999999 0.082889500000000005 0.472578 
0.150143 0.58411299999999999 0.52648899999999998 
0.15318999999999999 -0.205591 0.36258299999999999 
-0.132829 0.80519300000000005 -0.039613200000000001 
0.083493499999999998 0.88455099999999998 0.0271477 
0.30785499999999999 0.76813799999999999 0.33644400000000002 
-0.28293400000000002 0.73367199999999999 0.017199099999999998 
-0.15750600000000001 0.67276999999999998 0.40320400000000001 
0.40666000000000002 0.84128599999999998 0.128307 
0.30292400000000003 -0.46978300000000001 0.30652000000000001 
0.20195099999999999 -0.91778499999999996 0.12573000000000001 
-0.158885 -0.35012500000000002 0.10810599999999999 
-0.30271700000000001 -0.73598200000000003 0.21526699999999999 
0.274949 0.21816099999999999 -0.42921700000000002 
-0.19837299999999999 0.48732300000000001 0.453926 
-0.074526599999999998 0.74050899999999997 0.380135 
-0.094161599999999998 0.35671599999999998 -0.438444 
-0.090958800000000006 -0.93626399999999999 -0.0324973 
